   1000000.0000000000     
   1000000.0000000000     
   1000000.0000000000     
   1000000.0000000000     
   1000000.0000000000     
   1000000.0000000000     
   1000000.0000000000     
   1000000.0000000000     
   1000000.0000000000     
   1000000.0000000000     
   1000000.0000000000     
   1000000.0000000000     
   1000000.0000000000     
   1000000.0000000000     
   1000000.0000000000     
   1000000.0000000000     
   1000000.0000000000     
   1000000.0000000000     
   1000000.0000000000     
   1000000.0000000000     
   1000000.0000000000     
   1000000.0000000000     
   1000000.0000000000     
   1000000.0000000000     
   1000000.0000000000     
   1000000.0000000000     
   1000000.0000000000     
   1000000.0000000000     
   1000000.0000000000     
   1000000.0000000000     
   1000000.0000000000     
   1000000.0000000000     
   1000000.0000000000     
   1000000.0000000000     
   1000000.0000000000     
   1000000.0000000000     
   1000000.0000000000     
   1000000.0000000000     
   1000000.0000000000     
   1000000.0000000000     
   1000000.0000000000     
   1000000.0000000000     
   1000000.0000000000     
   1000000.0000000000     
   1000000.0000000000     
   1000000.0000000000     
   968811.39339956664     
   890744.99148107332     
   820396.09966354712     
   756866.15657203353     
   699377.21429426328     
   647252.16390082391     
   599901.54055009887     
   556809.45677174476     
   517524.50931414869     
   481649.61771043466     
   448835.69590985437     
   418774.31251150917     
   391192.71331476141     
   365849.45173462981     
   342529.72516839841     
   321042.73038291378     
   301218.03610109788     
   282903.63379026169     
   265963.54759605048     
   250275.52904693558     
   235730.16754371728     
   222228.94386744869     
   209683.20168603296     
   198012.68825220098     
   187145.15730216337     
   177015.22171000059     
   167563.41550838045     
   158735.99550126746     
   150484.06032667894     
   142763.17678332282     
   135532.70438989982     
   128755.74159131307     
   122398.53809821946     
   116430.28251632495     
   110822.64681697059     
   105549.80246675044     
   100588.05207150815     
   95915.529539242169     
   91512.242280488164     
   87359.760287650119     
   83441.138023599793     
   79740.669345979812     
   76243.945387522239     
   72937.630561428407     
   69809.419939358777     
   66847.861188990268     
   64042.416320058306     
   61383.315895697422     
   58861.440794169132     
   56468.382842637810     
   54196.311732962931     
   52037.962988158062     
   49986.530738221350     
   48035.724254477711     
   46179.666461962523     
   44412.890062649851     
   42730.255192892691     
   41127.000577829116     
   39598.675951507576     
   38141.087262521760     
   36750.343582361544     
   35422.791424902709     
   34155.017622281062     
   32943.795427473931     
   31786.125913849959     
   30679.185744483919     
   29620.331623246613     
   28607.057176095095     
   27637.029255576970     
   26708.052661936075     
   25818.041440737943     
   24965.051705669499     
   24147.245630715865     
   23362.896805065822     
   22610.360214331478     
   21888.100893578066     
   21194.664386824628     
   20528.682070960887     
   19888.846399435701     
   19273.935906194391     
   18682.790744029462     
   18114.313633259411     
   17567.474023726209     
   17041.272255875840     
   16534.785104334765     
   16047.129776285792     
   15577.469323797788     
   15125.009940956725     
   14688.998439028779     
   14268.719886717927     
   13863.501332993696     
   13472.685815123688     
   13095.666641857351     
   12731.861217942362     
   12380.715497623611     
   12041.702395530765     
   11714.320296432532     
   11398.096288421277     
   11092.566168991298     
   10797.301475496894     
   10511.889320637618     
   10235.936098403432     
   9969.0664609078631     
   9710.9223559313195     
   9461.1657820815926     
   9219.4631748559495     
   8985.5069265513976     
   8758.9996236603001     
   8539.6571170229745     
   8327.2078493357894     
   8121.3922207959185     
   7921.9619904937945     
   7728.6825467886601     
   7541.3209452489182     
   7359.6626802109186     
   7183.4996003076412     
   7012.6323834434306     
   6846.8701108724090     
   6686.0298642673570     
   6529.9386358560614     
   6378.4237346442214     
   6231.3263966512050     
   6088.4920894709030     
   5949.7725663322553     
   5815.0255752352296     
   5684.1145831520716     
   5556.9103829737105     
   5433.2833187195156     
   5313.1144202497017     
   5196.2875445981390     
   5082.6910863899620     
   4972.2177760910863     
   4864.7644883010289     
   4760.2320595361361     
   4658.5266099414994     
   4559.5533586286692     
   4463.2255581803420     
   4369.4582428348976     
   4278.1696228916708     
   4189.2809495504889     
   4102.7163861930958     
   4018.4041257148592     
   3936.2712819163321     
   3856.2513147792706     
   3778.2788665494281     
   3702.2909334689602     
   3628.2267692236674     
   3556.0277928267224     
   3485.6385364060429     
   3417.0023927839770     
   3350.0678275205623     
   3284.7840808451997     
   3221.1021568135598     
   3158.9747534887997     
   3098.3561962195909     
   3039.2023738629196     
   2981.4715276862476     
   2925.1207732649523     
   2870.1112053940356     
   2816.4043831945601     
   2763.9631498102881     
   2712.7515835338199     
   2662.7349510177805     
   2613.8803819818936     
   2566.1539316827029     
   2519.5249070788332     
   2473.9628987210822     
   2429.4384795798751     
   2385.9231688681843     
   2343.3893973580125     
   2301.8110867104178     
   2261.1611535696275     
   2221.4151958252264     
   2182.5489711903751     
   2144.5389956497761     
   2107.3625164173377     
   2070.9974859752970     
   2035.4225371468272     
   2000.6174721675268     
   1966.5611766286461     
   1933.2347087926355     
   1900.6191926863853     
   1868.6963220248203     
   1837.4483406013396     
   1806.8580234353180     
   1776.9091002295011     
   1747.5844624045344     
   1718.8688236441017     
   1690.7469093797986     
   1663.2038922818056     
   1636.2253773196255     
   1609.7973873826661     
   1583.9067313085566     
   1558.5394553616097     
   1533.6831449379761     
   1509.3253612120434     
   1485.4540190011689     
   1462.0573752924774     
   1439.1240181873425     
   1416.6428562466535     
   1394.6034334016852     
   1372.9946119852202     
   1351.8065334546714     
   1331.0292891252841     
   1310.6535436552344     
   1290.6690230619604     
   1271.0678025764785     
   1251.8398454440014     
   1232.9776698194346     
   1214.4717559172859     
   1196.3150371627928     
   1178.4990060231239     
   1161.0154075541593     
   1143.8577503787744     
   1127.0176773375294     
   1110.4890512459544     
   1094.2639331672733     
   1078.3365185426935     
   1062.6997242675293     
   1047.3466730397258     
   1032.2720219514094     
   1017.4687753996762     
   1002.9318753164542     
   988.65466644818105     
   974.63235863877514     
   960.85861786222347     
   947.32890606066678     
   934.03758514123888     
   920.97917651669422     
   908.14949286445403     
   895.54292731060787     
   883.15550945759242     
   870.98189573119646     
   859.01832015057767     
   847.26003555474097     
   835.70242643288532     
   824.34201170565018     
   813.17404539050244     
   802.19522292541239     
   791.40101528759669     
   780.78828448257002     
   770.35301535574160     
   760.09130197851869     
   750.00023889627789     
   740.07579073806630     
   730.31519636478993     
   720.71460008147017     
   711.27137710735667     
   701.98211673260073     
   692.84349931896293     
   683.85309075481211     
   675.00744514197470     
   666.30424688625453     
   657.74019960335158     
   649.31309982033531     
   641.02003832380387     
   632.85818219490534     
   624.82548497660093     
   616.91899206728101     
   609.13675475555294     
   601.47594342519392     
   593.93470194404551     
   586.51053907725861     
   579.20102779443141     
   572.00444179901024     
   564.91823780952507     
   557.94077047021494     
   551.06960143820959     
   544.30316210610545     
   537.63911403430154     
   531.07596141098020     
   524.61165213722268     
   518.24418587147511     
   511.97216907092115     
   505.79349277946403     
   499.70682732042519     
   493.71014806661850     
   487.80218598179505     
   481.98116904254471     
   476.24536920104219     
   470.59360272303428     
   465.02403907214295     
   459.53554785246746     
   454.12636999233757     
   448.79542579086512     
   443.54117984928172     
   438.36213427900475     
   433.25728077841876     
   428.22502506995966     
   423.26440355142540     
   418.37388273838388     
   413.55254155331653     
   408.79904526659772     
   404.11209126415650     
   399.49081843052471     
   394.93383372203209     
   390.44031360586848     
   386.00891694213652     
   381.63885598468931     
   377.32896679717373     
   373.07811303916753     
   368.88555748179738     
   364.75007909960817     
   360.67097236163829     
   356.64706071197492     
   352.67766882894944     
   348.76177864698860     
   344.89839589501270     
   341.08688794078870     
   337.32618131150514     
   333.61567018937353     
   329.95431933007598     
   326.34154849212280     
   322.77635906510653     
   319.25819520845397     
   315.78619622117873     
   312.35952116429951     
   308.97764872338718     
   305.63966538315429     
   302.34507154389115     
   299.09298531348520     
   295.88292782515992     
   292.71414135578055     
   289.58588534878066     
   286.49771030151766     
   283.44880789089837     
   280.43874709992502     
   277.46674698763371     
   274.53239420000102     
   271.63501989317979     
   268.77397018085225     
   265.94885674793659     
   263.15896245054404     
   260.40391475064882     
   257.68302028481850     
   254.99592160064921     
   252.34202679160921     
   249.72075702226900     
   247.13177624413194     
   244.57444657871184     
   242.04844547576977     
   239.55315576867059     
   237.08826782260982     
   234.65325652049125     
   232.24760820022948     
   229.87103156701974     
   227.52295784625528     
   225.20310731867860     
   222.91092929892272     
   220.64615515062792     
   218.40825159991218     
   216.19696062353145     
   214.01183044707355     
   211.85241900217190     
   209.71848335152919     
   207.60953097171128     
   205.52532845668208     
   203.46539854193054     
   201.42951695422053     
   199.41728075138698     
   197.42829554944890     
   195.46235006661004     
   193.51900279655050     
   191.59805067149702     
   189.69906559191162     
   187.82185236521337     
   185.96605080975615     
   184.13130830907619     
   182.31744088104148     
   180.52405188282813     
   178.75096442526080     
   176.99779367420919     
   175.26436954462378     
   173.55036939060548     
   171.85547727003473     
   170.17953279018712     
   168.52217885720390     
   166.88326121489712     
   165.26243319549891     
   163.65954643256632     
   162.07431130795152     
   160.50644415804820     
   158.95580501162675     
   157.42207172170112     
   155.90510963572095     
   154.40460583350097     
   152.92043076982191     
   151.45232395465564     
   150.00003019916318     
   148.56342724254409     
   147.14222388924782     
   145.73630249621903     
   144.34538005179994     
   142.96934334928764     
   141.60791728840735     
   140.26099292510048     
   138.92834231412064     
   137.60974209049201     
   136.30508939433170     
   135.01412777887495     
   133.73675824395013     
   132.47273137962753     
   131.22195189595908     
   129.98421388612752     
   128.75931554139157     
   127.54716687036253     
   126.34753507204704     
   125.16033351818253     
   123.98533567992958     
   122.82245816325006     
   121.67151463583028     
   120.53232243961772     
   119.40480280172289     
   118.28874401249851     
   117.18407023369288     
   116.09057535767846     
   115.00818636947547     
   113.93673435803113     
   112.87605371321345     
   111.82607545595513     
   110.78660672763840     
   109.75758111339995     
   108.73881076806673     
   107.73023174458609     
   106.73169066730925     
   105.74303713191580     
   104.76421072072367     
   103.79503545702032     
   102.83545316649632     
   101.88529236783792     
   100.94449704652619     
   100.01292770712999     
   99.090447533964550     
   98.177003602667838     
   97.272435084009999     
   96.376691018641552     
   95.489614615816180     
   94.611156808597315     
   93.741164724249586     
   92.879591118492485     
   92.026312227661904     
   91.181206640976555     
   90.344229723258152     
   89.515237896600681     
   88.694188185752793     
   87.880940540874846     
   87.075453585923796     
   86.277614360816628     
   85.487312036320645     
   84.704507526446250     
   83.929069158527383     
   83.160959304026321     
   82.400049472857376     
   81.646303441000526     
   80.899617958419697     
   80.159913650163944     
   79.427068740944293     
   78.701093341962675     
   77.981867367918724     
   77.269315642628527     
   76.563322116054010     
   75.863897768786259     
   75.170928132158025     
   74.484341975623593     
   73.804069017522593     
   73.129999919542570     
   72.462146602759375     
   71.800401185135172     
   71.144697038228784     
   70.494968412511682     
   69.851112223938344     
   69.213141188088485     
   68.580953562903900     
   67.954486984000908     
   67.333643065739636     
   66.718435064936727     
   66.108765853604211     
   65.504576254060368     
   64.905807855838177     
   64.312367792884146     
   63.724269892659755     
   63.141422449436256     
   62.563770009710055     
   61.991257832153224     
   61.423798206023108     
   60.861405423801699     
   60.303992845955932     
   59.751508477013715     
   59.203868487054521     
   58.661087472369090     
   58.123082608356505     
   57.589804488802713     
   57.061204331527307     
   56.537202874951255     
   56.017815018675819     
   55.502962430256410     
   54.992598735106938     
   54.486648115021708     
   53.985125657014656     
   53.487956415617056     
   52.995096288908464     
   52.506501723058378     
   52.022100958368213     
   51.541909254284832     
   51.065855658560587     
   50.593898733309636     
   50.125997551121749     
   49.662084156668321     
   49.202173920343775     
   48.746199634291209     
   48.294122342517376     
   47.845876962781688     
   47.401478914670136     
   46.960863818934570     
   46.523994583447823     
   46.090834566026281     
   45.661322077234864     
   45.235472553981992     
   44.813224958246131     
   44.394544386558231     
   43.979396355324262     
   43.567722362149105     
   43.159537817486729     
   42.754784822879508     
   42.353430517799993     
   41.955418811246091     
   41.560765064442194     
   41.169413755057803     
   40.781333559417888     
   40.396493525200853     
   40.014840414271681     
   39.636389495120547     
   39.261088057322091     
   38.888906584909478     
   38.519815909100686     
   38.153765477085621     
   37.790770433847328     
   37.430780716515187     
   37.073768499618019     
   36.719685265844419     
   36.368546041750037     
   36.020302771861900     
   35.674928904540991     
   35.332398196230820     
   34.992664542126541     
   34.655742799076918     
   34.321587291426646     
   33.990172968327556     
   33.661455555787335     
   33.335449759468325     
   33.012111710184364     
   32.691417489154958     
   32.373343451555023     
   32.057847495785118     
   31.744944121586983     
   31.434591603822593     
   31.126767358860128     
   30.821449059954396     
   30.518596657006690     
   30.218224427354158     
   29.920292671153192     
   29.624780057045307     
   29.331648094548267     
   29.040910872727967     
   28.752530231813424     
   28.466485786568519     
   28.182757380918677     
   27.901308378243648     
   27.622152621045682     
   27.345253780629008     
   27.070592589377451     
   26.798149994937713     
   26.527891114813983     
   26.259829534178358     
   25.993930657360188     
   25.730176266838800     
   25.468532816010679     
   25.209013677539684     
   24.951585575892054     
   24.696231088177289     
   24.442932984143482     
   24.191659307902768     
   23.942423159423686     
   23.695192835494694     
   23.449951853373918     
   23.206669469990302     
   22.965358562338377     
   22.725988626278017     
   22.488543891222179     
   22.253008759326509     
   22.019353933316232     
   21.787592006457245     
   21.557693904346408     
   21.329644699821927     
   21.103429628456460     
   20.879020765391875     
   20.656430415598471     
   20.435630862187026     
   20.216607972754208     
   19.999334870676101     
   19.783823627645603     
   19.570047563858228     
   19.357993149893350     
   19.147647002722266     
   18.938983497537688     
   18.732014411858721     
   18.526714304657055     
   18.323070361781269     
   18.121069907236219     
   17.920688506858497     
   17.721937641842832     
   17.524793049689556     
   17.329242591449923     
   17.135262743998915     
   16.942864750382260     
   16.752025250065373     
   16.562732617208344     
   16.374975350657152     
   16.188731017232893     
   16.004010561443128     
   15.820791702077052     
   15.639063422949196     
   15.458804125855574     
   15.280024516126167     
   15.102703139565287     
   14.926829443781086     
   14.752392989151964     
   14.579373177610034     
   14.407780415482140     
   14.237594239384755     
   14.068804648583422     
   13.901401749094500     
   13.735365897326378     
   13.570707200957944     
   13.407406142405875     
   13.245453243289607     
   13.084829592597814     
   12.925545059593412     
   12.767580852766924     
   12.610927891806423     
   12.455577193284084     
   12.301510725354470     
   12.148738060159314     
   11.997241277728277     
   11.847011772062810     
   11.698041029058748     
   11.550311857711604     
   11.403833534297537     
   11.258588972585038     
   11.114570016590807     
   10.971760121948748     
   10.830168329306334     
   10.689778193741406     
   10.550581902842771     
   10.412571727906862     
   10.275731902149898     
   10.140071173185195     
   10.005573867423035     
   9.8722325825987607     
   9.7400399960122499     
   9.6089810862523777     
   9.4790643097253593     
   9.3502747323914388     
   9.2226053419542815     
   9.0960416914162003     
   8.9705920056277311     
   8.8462419205921456     
   8.7229847223308621     
   8.6008137696290010     
   8.4797153076827563     
   8.3596972737596928     
   8.2407459909301206     
   8.1228551020616990     
   8.0060113865317746     
   7.8902225530870229     
   7.7754754551304757     
   7.6617640088830763     
   7.5490821972921900     
   7.4374174443685099     
   7.3267771752016380     
   7.2171488833135182     
   7.1085268123686767     
   7.0009052697023400     
   6.8942722997497370     
   6.7886350462058820     
   6.6839816188115853     
   6.5803065737944033     
   6.4775984354893401     
   6.3758641241273057     
   6.2750922261926352     
   6.1752775378960179     
   6.0764149141057882     
   5.9784934596488366     
   5.8815198175072521     
   5.7854831509563613     
   5.6903785443607529     
   5.5962011382077463     
   5.5029405975142387     
   5.4106032903281314     
   5.3191789366691449     
   5.2286628967154192     
   5.1390452698640736     
   5.0503322058752520     
   4.9625138565652094     
   4.8755857944221992     
   4.7895436439042367     
   4.7043780311681438     
   4.6200948351721838     
   4.5366847314657344     
   4.4541435481397436     
   4.3724623204980499     
   4.2916467124826436     
   4.2116878065226011     
   4.1325816278169336     
   4.0543242498630727     
   3.9769072049815390     
   3.9003358903419438     
   3.8246018827369777     
   3.7497014451105537     
   3.6756308868560961     
   3.6023822222575941     
   3.5299605838848946     
   3.4583580280311943     
   3.3875710463960762     
   3.3175920286615534     
   3.2484258972420577     
   3.1800650819876375     
   3.1125062515485413     
   3.0457461180109613     
   2.9797775283780581     
   2.9146051442225485     
   2.8502218505671806     
   2.7866245301784942     
   2.7238101077484367     
   2.6617718751939190     
   2.6005142352362398     
   2.5400305158243208     
   2.4803178065091913     
   2.4213697467884376     
   2.3631905336827019     
   2.3057738412413653     
   2.2491169195260396     
   2.1932170580769350     
   2.1380683211246754     
   2.0836746502217118     
   2.0300301424307055     
   1.9771322427351579     
   1.9249753478586040     
   1.8735631962495392     
   1.8228902161874116     
   1.7729540043281311     
   1.7237521946844470     
   1.6752795911239349     
   1.6275396797281072     
   1.5805272944440230     
   1.5342402165822611     
   1.4886762637624340     
   1.4438306382766553     
   1.3997065754312255     
   1.3562993062473550     
   1.3136067916295735     
   1.2716245468149534     
   1.2303556075689226     
   1.1897955168640006     
   1.1499423759299687     
   1.1107943206402293     
   1.0723472507499499     
   1.0346039538641882     
  0.99756035633555840     
  0.96121473096492105     
  0.92556538438832714     
  0.89060859410430293     
  0.85634690086590082     
  0.82277660774211503     
  0.78989615522263579     
  0.75770211856281966     
  0.72619684190422529     
  0.69537692532791739     
  0.66524094094421171     
  0.63578749344199714     
  0.60701352525680541     
  0.57892113576382132     
  0.55150729138635501     
  0.52477072591641249     
  0.49871020513260200     
  0.47332303365668071     
  0.44861106710277765     
  0.42457163334245207     
  0.40120362503593965     
  0.37850463336622786     
  0.35647631958676262     
  0.33511629760980544     
  0.31442358540779702     
  0.29439723205687551     
  0.27503518345283196     
  0.25633885861495731     
  0.23830622560254699     
  0.22093645709632126     
  0.20422778033636346     
  0.18818142105558877     
  0.17279562827151596     
  0.15806969710275842     
  0.14400295311509659     
  0.13059397267610739     
  0.11784374044154777     
  0.10575085415529539     
   9.4314760607638881E-002
   8.3534936766405110E-002
   7.3410305818788490E-002
   6.3941611824169797E-002
   5.5127799033938274E-002
   4.6968464695273937E-002
   3.9462808165935392E-002
   3.2611381295433173E-002
   2.6413404319181044E-002
   2.0868594198508728E-002
   1.5976697754382929E-002
   1.1737258414512564E-002
   8.1505880031973454E-003
   5.2162506707476020E-003
   2.9341124824000531E-003
   1.3040692780963425E-003
   3.2600780014435671E-004
   0.0000000000000000     
   0.0000000000000000     
   0.0000000000000000     
   0.0000000000000000     
   0.0000000000000000     
   0.0000000000000000     
   0.0000000000000000     
   0.0000000000000000     
   0.0000000000000000     
   0.0000000000000000     
   0.0000000000000000     
   0.0000000000000000     
   0.0000000000000000     
   0.0000000000000000     
   0.0000000000000000     
   0.0000000000000000     
   0.0000000000000000     
   0.0000000000000000     
   0.0000000000000000     
   0.0000000000000000     
   0.0000000000000000     
   0.0000000000000000     
   0.0000000000000000     
   0.0000000000000000     
   0.0000000000000000     
   0.0000000000000000     
   0.0000000000000000     
   0.0000000000000000     
   0.0000000000000000     
   0.0000000000000000     
   0.0000000000000000     
   0.0000000000000000     
   0.0000000000000000     
   0.0000000000000000     
   0.0000000000000000     
   0.0000000000000000     
   0.0000000000000000     
   0.0000000000000000     
   0.0000000000000000     
   0.0000000000000000     
   0.0000000000000000     
   0.0000000000000000     
   0.0000000000000000     
   0.0000000000000000     
   0.0000000000000000     
   0.0000000000000000     
   0.0000000000000000     
   0.0000000000000000     
   0.0000000000000000     
   0.0000000000000000     
   0.0000000000000000     
   0.0000000000000000     
   0.0000000000000000     
   0.0000000000000000     
   0.0000000000000000     
   0.0000000000000000     
   0.0000000000000000     
   0.0000000000000000     
   0.0000000000000000     
   0.0000000000000000     
   0.0000000000000000     
   0.0000000000000000     
   0.0000000000000000     
   0.0000000000000000     
   0.0000000000000000     
   0.0000000000000000     
   0.0000000000000000     
   0.0000000000000000     
   0.0000000000000000     
   0.0000000000000000     
   0.0000000000000000     
   0.0000000000000000     
   0.0000000000000000     
   0.0000000000000000     
   0.0000000000000000     
   0.0000000000000000     
   0.0000000000000000     
   0.0000000000000000     
   0.0000000000000000     
   0.0000000000000000     
   0.0000000000000000     
   0.0000000000000000     
   0.0000000000000000     
   0.0000000000000000     
   0.0000000000000000     
   0.0000000000000000     
   0.0000000000000000     
   0.0000000000000000     
   0.0000000000000000     
   0.0000000000000000     
   0.0000000000000000     
   0.0000000000000000     
   0.0000000000000000     
   0.0000000000000000     
   0.0000000000000000     
   0.0000000000000000     
   0.0000000000000000     
   0.0000000000000000     
   0.0000000000000000     
   0.0000000000000000     
   0.0000000000000000     
   0.0000000000000000     
   0.0000000000000000     
   0.0000000000000000     
   0.0000000000000000     
   0.0000000000000000     
   0.0000000000000000     
   0.0000000000000000     
   0.0000000000000000     
   0.0000000000000000     
   0.0000000000000000     
   0.0000000000000000     
   0.0000000000000000     
   0.0000000000000000     
   0.0000000000000000     
   0.0000000000000000     
   0.0000000000000000     
   0.0000000000000000     
   0.0000000000000000     
   0.0000000000000000     
   0.0000000000000000     
   0.0000000000000000     
   0.0000000000000000     
   0.0000000000000000     
   0.0000000000000000     
   0.0000000000000000     
   0.0000000000000000     
   0.0000000000000000     
   0.0000000000000000     
   0.0000000000000000     
   0.0000000000000000     
